13.145141 7083.604126 1.891812 8.690138
2.798970 5371.513055 1.875462 8.982184
1.519705 4695.930932 2.003938 8.901639
0.954102 4083.486010 2.000865 8.872207
0.448476 2651.228609 1.974038 9.050289
0.682459 3319.478512 1.985899 9.136909
0.646676 3319.478512 1.985899 9.136909
0.744686 3482.345405 2.054604 9.079548
0.429130 2519.295528 2.005867 9.263123
0.430339 2667.808315 2.011489 9.205227
0.364530 2444.242835 1.681180 9.145268
0.393351 2493.624531 1.749870 9.134323
0.428182 2756.948070 1.764598 9.142383
0.463700 2951.230134 1.905582 9.093245
0.494088 2874.066980 1.945979 9.088399
0.494787 2786.839017 1.966767 9.027499
0.450528 2797.227565 1.808524 9.041448
0.315443 2259.494598 1.691292 9.051345
0.285741 2181.933880 1.694002 9.132919
0.296196 2119.642702 1.627406 9.134539
0.498589 2834.990082 1.823213 9.005282
0.696701 3380.145084 1.865538 9.035749
0.671301 3207.363856 1.937869 9.033603
0.690044 3457.518485 1.853260 8.868976
0.712030 3560.160554 1.778943 8.843759
0.590964 3323.247372 1.802712 8.919587
0.583262 3334.560684 1.850655 8.901230
0.546127 3300.659778 1.779892 8.911800
0.587383 3331.224376 1.857548 8.927845
0.566473 3341.043766 1.910860 8.896314
14.142396 156.800735 5.593191 10.164582
14.299026 165.925675 5.529048 10.157471
14.468295 162.337770 5.561054 10.211230
14.728805 171.903398 5.394235 10.186145
14.338209 159.709062 5.470629 10.159331
14.332389 150.639023 5.451099 10.148706
14.194917 171.095124 5.529171 10.090009
14.244046 159.112871 5.472299 10.117025
14.337548 155.526636 5.441531 10.119727
14.424068 154.864155 5.456491 10.124910
19.526335 116.147372 4.074177 10.254320
19.645251 114.844755 3.851562 10.273636
19.676984 116.850062 3.841562 10.291773
18.794422 132.904093 4.022740 10.290211
17.665465 179.927632 3.982382 10.279352
19.410006 120.854933 3.644442 10.185843
19.346421 138.287631 3.524538 10.193691
18.569748 143.498444 3.634625 10.230126
19.056714 155.354001 3.781574 10.210237
19.125719 152.550826 3.639561 10.191107
7.911611 490.927073 5.331434 10.154480
6.448166 455.805623 5.339490 10.247715
6.801668 421.921547 5.293801 10.104590
8.513084 321.889821 4.952832 10.226766
10.511505 698.117698 5.196875 10.065181
8.735906 291.146093 4.965669 10.231423
9.350161 317.579022 5.089897 10.282746
8.717310 352.416359 4.615393 10.227598
7.929673 359.823562 4.452446 10.229440
6.309188 411.755367 4.583284 10.154052
1.745040 10375.115371 8.620146 6.932448
1.847914 12310.112152 8.322872 6.886532
2.395537 11297.414449 8.202810 6.722630
2.125253 10408.597824 7.709179 6.421622
2.348199 14596.815413 8.429940 7.039660
1.956716 18049.588168 8.546040 6.938284
1.671793 9106.513899 8.417326 6.839476
3.586539 4123.840704 9.541230 9.245128
2.301350 7936.773939 8.899034 6.749931
2.329920 7493.008834 8.649175 6.338594
1.468190 19795.357965 8.281272 7.629490
2.659308 8430.522282 7.856696 6.939254
2.357991 8292.146782 8.347856 7.095893
2.286714 7938.916785 8.769759 6.753438
2.412186 7320.697904 8.339198 6.719013
2.455287 7069.837765 8.651263 6.784457
2.279302 8715.793959 8.699198 6.875232
2.757511 6825.252184 8.245239 6.424869
2.635819 6777.575058 8.312583 6.617403
2.000197 8472.021167 8.657387 6.715383
0.994185 18381.666646 8.649967 7.140453
1.030087 13773.419502 8.990993 6.989335
1.804526 10981.498249 9.244238 6.793466
2.220334 9743.101169 8.739160 6.582025
1.031845 17524.626624 8.879767 6.988413
1.358598 17212.458955 8.532391 7.278629
2.975126 9645.260121 7.985125 7.417580
1.675687 12527.947834 8.245392 7.062192
1.605953 14986.290110 8.292391 7.033506
1.589204 14886.238687 8.284997 6.910751
